image_width: 640
image_height: 480
camera_name: camera_top
camera_matrix:
  rows: 3
  cols: 3
  data: [611.850848, 0.000000, 317.808792, 0.000000, 611.818871, 237.739210, 0.000000, 0.000000, 1.000000]
distortion_model: plumb_bob
distortion_coefficients:
  rows: 1
  cols: 5
  data: [0.092783, -0.219037, 0.006131, -0.000596, 0.000000]
rectification_matrix:
  rows: 3
  cols: 3
  data: [1.000000, 0.000000, 0.000000, 0.000000, 1.000000, 0.000000, 0.000000, 0.000000, 1.000000]
projection_matrix:
  rows: 3
  cols: 4
  data: [618.120361, 0.000000, 317.445170, 0.000000, 0.000000, 618.076782, 239.658277, 0.000000, 0.000000, 0.000000, 1.000000, 0.000000]
